2.605967 1.226628 2
2.304574 0.423446 2
1.568793 0.154314 2
1.978712 1.881414 2
-0.15436 -0.277882 2
0.668891 1.767717 2
1.009856 1.539917 2
1.989041 0.932889 2
1.389607 0.170687 2
1.671334 0.678787 2
2.11015 2.023384 2
1.835549 2.16513 2
0.734769 0.360218 2
-0.769738 -0.005138 2
0.523425 0.58309 2
0.782174 -1.27605 2
2.509045 0.749241 2
0.568559 0.493536 2
0.51948 0.201569 2
1.796237 2.195976 2
1.072638 -1.093681 2
-0.494151 -0.211084 2
2.638511 1.137 2
2.133815 1.137082 2
2.116678 0.078693 2
1.675761 0.364978 2
2.992895 -0.08091 2
1.947177 1.730677 2
2.516243 0.778977 2
1.925591 1.900172 2
0.73009 0.332865 2
-0.6559 0.342511 2
0.120462 -0.117975 2
1.417793 -0.035328 2
0.501683 0.690356 2
0.618248 1.792363 2
0.917672 -0.7869 2
1.404032 -0.466655 2
1.468281 0.216207 2
0.382314 0.312853 2
-0.397146 0.00811 2
0.783774 1.204523 1
3.440873 0.31366 2
1.120919 -0.952375 2
3.069139 0.072639 2
0.760119 -0.864961 2
-1.108591 0.325197 2
1.139731 -0.527794 2
2.793646 0.22601 2
2.900168 -0.084546 2
-0.684834 -0.155146 2
0.737591 0.51641 2
-0.274657 0.26372 2
1.363204 0.04816 2
2.28476 1.176468 2
2.567032 1.135214 2
1.424101 -0.526877 2
1.270756 -0.134639 2
0.4389 0.326073 2
0.981006 -0.754289 2
-0.568701 -0.332434 2
0.833797 1.85546 2
-0.274903 0.215518 2
0.84222 1.31787 1
1.864687 2.246517 2
1.167451 -0.92896 2
0.823664 -1.423804 2
1.880419 1.710547 2
2.477775 2.149477 2
2.015666 2.49948 2
2.766112 -0.117993 2
-0.274276 -0.098726 2
2.677263 1.13283 2
2.854521 -0.301338 2
3.355184 -0.078907 2
1.046098 -1.013394 2
0.5336 1.590975 1
1.028253 1.613431 2
1.051637 -0.399073 2
0.349304 -0.366574 2
2.226044 1.576932 2
2.279451 1.779713 2
0.525867 0.337376 2
2.840203 0.015057 2
0.70663 1.541782 2
0.847294 -0.798534 2
1.254803 -1.023425 2
-0.300867 0.159872 2
-1.019317 0.313401 2
2.636098 1.329383 2
0.413087 0.532486 2
3.210247 -0.482151 2
-0.828211 -0.174951 2
0.5033 1.608876 1
1.988065 2.066001 2
0.513093 0.510657 2
3.025878 -0.230225 2
1.171267 -0.471289 2
-0.358642 0.339716 2
2.704005 1.072732 2
1.991993 2.378968 2
3.339853 -0.322119 2
1.66488 0.6134 2
0.161648 0.546997 2
1.032941 -0.985532 2
-0.056289 -0.014284 2
2.495691 1.608197 2
1.18787 -1.423805 2
0.802769 1.413049 2
1.973955 1.610226 2
2.527181 0.955608 2
2.285635 0.910106 2
0.460962 0.583173 2
0.624395 0.410442 2
0.976118 -0.927417 2
1.963808 1.78869 2
0.43297 0.619378 2
3.195613 -0.199562 2
0.3463 1.324652 1
2.318154 1.002789 2
2.992096 0.017256 2
-0.197435 -0.228434 2
3.448682 0.121721 2
2.017917 2.192701 2
0.523445 -0.047595 2
3.463473 -0.148752 2
2.754481 0.962588 2
-0.010133 -0.689435 2
2.239249 1.588966 2
2.24559 -0.125845 2
2.6427 0.289965 2
1.202923 -1.432171 2
1.2177 -0.893112 2
1.423251 0.202503 2
1.966202 2.385744 2
-0.44483 -0.065944 2
0.966947 1.719288 2
2.387611 2.277093 2
1.176019 -1.122331 2
-0.416695 0.082744 2
1.571964 0.019168 2
1.613051 0.135217 2
2.111717 2.295156 2
2.07186 2.497753 2
2.912252 -0.162735 2
1.899853 0.141745 2
0.855386 1.700168 2
1.873803 -0.223183 2
1.409257 0.376281 2
0.641185 0.69387 2
0.8394 1.941974 2
1.752465 -0.479671 2
0.951426 1.671588 2
1.499176 -0.118765 2
0.416012 0.685892 2
0.743426 1.904052 2
2.234862 1.18567 2
2.603948 1.23914 2
0.747238 0.348818 2
0.367781 0.23935 2
0.448787 0.437435 2
2.477177 1.333038 2
1.220317 0.11542 2
2.151182 1.667454 2
2.868731 -0.238677 2
3.516896 0.049235 2
2.577405 -0.08815 2
2.896457 0.079628 2
-0.695637 -0.671494 2
2.570053 0.86141 2
1.153895 -1.00527 2
1.220179 -0.881628 2
-0.249626 -0.456559 2
2.713052 0.752742 2
2.505416 1.12556 2
3.420829 -0.264175 2
3.403533 0.449188 2
0.695361 -1.334361 2
2.618852 1.12916 2
-0.684389 -0.031712 2
1.54474 -0.191874 2
1.694951 1.699619 2
1.414776 1.886194 1
-0.307037 -0.173789 2
0.072503 -0.039018 2
0.762417 1.193477 1
1.641555 2.702148 2
0.574955 0.464085 2
-1.154607 -0.568126 2
1.824827 1.798008 2
2.347743 0.517206 2
2.498664 0.905342 2
2.422145 1.060753 2
2.296189 2.148494 2
1.422245 -0.195855 2
2.551763 1.061778 2
1.853124 0.301858 2
0.971157 -1.42088 2
2.565641 0.986973 2
2.359935 0.943252 2
1.469248 -1.263753 2
0.793977 1.383291 2
0.988105 1.467565 2
0.596949 0.453779 2
-0.556108 0.246345 2
0.72971 1.191977 1
2.48299 0.508185 2
1.449735 -0.073793 2
0.576913 -0.800508 2
1.387536 -0.498858 2
0.887093 1.478749 2
2.999942 -0.298962 2
0.496012 1.406881 1
0.894927 1.738037 2
0.523564 0.986019 1
2.605855 0.90106 2
2.972702 -0.277317 2
0.688841 1.304443 1
2.467256 0.000527 2
0.78689 0.227561 2
1.171011 -0.424155 2
-0.805843 -0.060915 2
1.927942 -0.324639 2
1.696247 2.328561 2
2.696033 0.014 2
0.98681 -0.66794 2
-0.352564 0.36867 2
-0.202108 0.117808 2
1.08296 1.240897 1
0.833272 1.301325 1
2.415432 1.405644 2
0.46768 0.496872 2
0.852364 1.258948 1
0.87343 1.495417 2
2.438957 0.948109 2
2.339603 1.949737 2
2.480424 -0.204514 2
2.399176 1.032832 2
0.430582 0.496162 2
0.76945 0.547879 2
1.07752 -1.01401 2
-1.210825 0.179683 2
1.494814 0.04584 2
0.63333 0.400579 2
0.891595 -0.829225 2
3.273002 0.013069 2
1.039883 -0.915941 2
1.01907 -1.130986 2
-0.397755 -0.031568 2
0.711173 1.579541 2
1.160561 0.246712 2
0.068452 0.71771 2
1.323739 0.108217 2
0.151828 0.558972 2
3.125535 0.08552 2
1.212108 -1.332127 2
1.08885 -1.276124 2
1.889869 -0.425351 2
0.612671 0.669024 2
0.843776 0.580084 2
1.32838 -0.73209 2
1.286207 -0.763112 2
-0.870174 -0.271938 2
1.256886 -0.160956 2
1.780045 2.262807 2
1.883934 2.322651 2
0.664203 1.606712 2
1.542965 2.271162 2
3.625793 0.185455 2
2.11712 0.72457 2
0.41648 0.742111 2
0.245279 0.562298 2
0.685271 0.374657 2
0.449251 0.590881 2
0.88503 -1.513098 2
2.3128 1.892907 2
3.556457 0.028101 2
2.148552 0.952654 2
2.546415 -0.059993 2
0.794822 1.308971 1
0.896428 -1.183566 2
-0.949189 -0.314904 2
0.160193 0.319375 2
2.950183 0.321317 2
2.592999 1.095948 2
2.470746 0.859523 2
1.81652 -0.311478 2
0.597792 -0.655902 2
1.980917 2.336863 2
2.48091 1.057683 2
1.617917 -0.554492 2
3.208632 0.163675 2
-0.319505 -0.481552 2
2.715186 1.224472 2
1.537635 0.386582 2
1.592544 1.664554 2
-0.743553 -0.180108 2
-0.132298 -0.207606 2
1.59398 0.051859 2
0.862437 -0.926662 2
2.206341 1.938759 2
3.296131 0.359798 2
1.068166 1.695517 2
2.172609 2.034378 2
1.301954 -0.161558 2
1.068876 -0.25646 2
2.913983 0.104785 2
1.992849 2.309096 2
-0.511696 0.027423 2
0.673911 1.707712 2
0.874622 1.5438 2
0.817139 0.415339 2
3.11217 -0.228189 2
1.157323 -1.617304 2
1.175799 -1.149973 2
0.957488 1.279628 1
0.773667 1.51829 2
0.587632 1.446683 1
0.690383 1.819432 2
-0.386913 0.051375 2
