2.605967 1.226628 0
2.304574 0.423446 0
1.568793 0.154314 0
1.978712 1.881414 0
-0.15436 -0.277882 1
0.668891 1.767717 0
1.009856 1.539917 0
1.989041 0.932889 0
1.389607 0.170687 0
1.671334 0.678787 0
2.11015 2.023384 0
1.835549 2.16513 0
0.734769 0.360218 0
-0.769738 -0.005138 1
0.523425 0.58309 0
0.782174 -1.27605 0
2.509045 0.749241 0
0.568559 0.493536 0
0.51948 0.201569 0
1.796237 2.195976 0
1.072638 -1.093681 0
-0.494151 -0.211084 1
2.638511 1.137 0
2.133815 1.137082 0
2.116678 0.078693 0
1.675761 0.364978 0
2.992895 -0.08091 0
1.947177 1.730677 0
2.516243 0.778977 0
1.925591 1.900172 0
0.73009 0.332865 0
-0.6559 0.342511 1
0.120462 -0.117975 0
1.417793 -0.035328 0
0.501683 0.690356 0
0.618248 1.792363 0
0.917672 -0.7869 0
1.404032 -0.466655 0
1.468281 0.216207 0
0.382314 0.312853 0
-0.397146 0.00811 1
0.783774 1.204523 0
3.440873 0.31366 0
1.120919 -0.952375 0
3.069139 0.072639 0
0.760119 -0.864961 0
-1.108591 0.325197 1
1.139731 -0.527794 0
2.793646 0.22601 0
2.900168 -0.084546 0
-0.684834 -0.155146 1
0.737591 0.51641 0
-0.274657 0.26372 1
1.363204 0.04816 0
2.28476 1.176468 0
2.567032 1.135214 0
1.424101 -0.526877 0
1.270756 -0.134639 0
0.4389 0.326073 0
0.981006 -0.754289 0
-0.568701 -0.332434 1
0.833797 1.85546 0
-0.274903 0.215518 1
0.84222 1.31787 0
1.864687 2.246517 0
1.167451 -0.92896 0
0.823664 -1.423804 0
1.880419 1.710547 0
2.477775 2.149477 0
2.015666 2.49948 0
2.766112 -0.117993 0
-0.274276 -0.098726 1
2.677263 1.13283 0
2.854521 -0.301338 0
3.355184 -0.078907 0
1.046098 -1.013394 0
0.5336 1.590975 0
1.028253 1.613431 0
1.051637 -0.399073 0
0.349304 -0.366574 0
2.226044 1.576932 0
2.279451 1.779713 0
0.525867 0.337376 0
2.840203 0.015057 0
0.70663 1.541782 0
0.847294 -0.798534 0
1.254803 -1.023425 0
-0.300867 0.159872 1
-1.019317 0.313401 1
2.636098 1.329383 0
0.413087 0.532486 0
3.210247 -0.482151 0
-0.828211 -0.174951 1
0.5033 1.608876 0
1.988065 2.066001 0
0.513093 0.510657 0
3.025878 -0.230225 0
1.171267 -0.471289 0
-0.358642 0.339716 1
2.704005 1.072732 0
1.991993 2.378968 0
3.339853 -0.322119 0
1.66488 0.6134 0
0.161648 0.546997 0
1.032941 -0.985532 0
-0.056289 -0.014284 1
2.495691 1.608197 0
1.18787 -1.423805 0
0.802769 1.413049 0
1.973955 1.610226 0
2.527181 0.955608 0
2.285635 0.910106 0
0.460962 0.583173 0
0.624395 0.410442 0
0.976118 -0.927417 0
1.963808 1.78869 0
0.43297 0.619378 0
3.195613 -0.199562 0
0.3463 1.324652 0
2.318154 1.002789 0
2.992096 0.017256 0
-0.197435 -0.228434 1
3.448682 0.121721 0
2.017917 2.192701 0
0.523445 -0.047595 0
3.463473 -0.148752 0
2.754481 0.962588 0
-0.010133 -0.689435 0
2.239249 1.588966 0
2.24559 -0.125845 0
2.6427 0.289965 0
1.202923 -1.432171 0
1.2177 -0.893112 0
1.423251 0.202503 0
1.966202 2.385744 0
-0.44483 -0.065944 1
0.966947 1.719288 0
2.387611 2.277093 0
1.176019 -1.122331 0
-0.416695 0.082744 1
1.571964 0.019168 0
1.613051 0.135217 0
2.111717 2.295156 0
2.07186 2.497753 0
2.912252 -0.162735 0
1.899853 0.141745 0
0.855386 1.700168 0
1.873803 -0.223183 0
1.409257 0.376281 0
0.641185 0.69387 0
0.8394 1.941974 0
1.752465 -0.479671 0
0.951426 1.671588 0
1.499176 -0.118765 0
0.416012 0.685892 0
0.743426 1.904052 0
2.234862 1.18567 0
2.603948 1.23914 0
0.747238 0.348818 0
0.367781 0.23935 0
0.448787 0.437435 0
2.477177 1.333038 0
1.220317 0.11542 0
2.151182 1.667454 0
2.868731 -0.238677 0
3.516896 0.049235 0
2.577405 -0.08815 0
2.896457 0.079628 0
-0.695637 -0.671494 1
2.570053 0.86141 0
1.153895 -1.00527 0
1.220179 -0.881628 0
-0.249626 -0.456559 1
2.713052 0.752742 0
2.505416 1.12556 0
3.420829 -0.264175 0
3.403533 0.449188 0
0.695361 -1.334361 0
2.618852 1.12916 0
-0.684389 -0.031712 1
1.54474 -0.191874 0
1.694951 1.699619 0
1.414776 1.886194 0
-0.307037 -0.173789 1
0.072503 -0.039018 0
0.762417 1.193477 0
1.641555 2.702148 0
0.574955 0.464085 0
-1.154607 -0.568126 0
1.824827 1.798008 0
2.347743 0.517206 0
2.498664 0.905342 0
2.422145 1.060753 0
2.296189 2.148494 0
1.422245 -0.195855 0
2.551763 1.061778 0
1.853124 0.301858 0
0.971157 -1.42088 0
2.565641 0.986973 0
2.359935 0.943252 0
1.469248 -1.263753 0
0.793977 1.383291 0
0.988105 1.467565 0
0.596949 0.453779 0
-0.556108 0.246345 1
0.72971 1.191977 0
2.48299 0.508185 0
1.449735 -0.073793 0
0.576913 -0.800508 0
1.387536 -0.498858 0
0.887093 1.478749 0
2.999942 -0.298962 0
0.496012 1.406881 0
0.894927 1.738037 0
0.523564 0.986019 0
2.605855 0.90106 0
2.972702 -0.277317 0
0.688841 1.304443 0
2.467256 0.000527 0
0.78689 0.227561 0
1.171011 -0.424155 0
-0.805843 -0.060915 1
1.927942 -0.324639 0
1.696247 2.328561 0
2.696033 0.014 0
0.98681 -0.66794 0
-0.352564 0.36867 1
-0.202108 0.117808 1
1.08296 1.240897 0
0.833272 1.301325 0
2.415432 1.405644 0
0.46768 0.496872 0
0.852364 1.258948 0
0.87343 1.495417 0
2.438957 0.948109 0
2.339603 1.949737 0
2.480424 -0.204514 0
2.399176 1.032832 0
0.430582 0.496162 0
0.76945 0.547879 0
1.07752 -1.01401 0
-1.210825 0.179683 1
1.494814 0.04584 0
0.63333 0.400579 0
0.891595 -0.829225 0
3.273002 0.013069 0
1.039883 -0.915941 0
1.01907 -1.130986 0
-0.397755 -0.031568 1
0.711173 1.579541 0
1.160561 0.246712 0
0.068452 0.71771 0
1.323739 0.108217 0
0.151828 0.558972 0
3.125535 0.08552 0
1.212108 -1.332127 0
1.08885 -1.276124 0
1.889869 -0.425351 0
0.612671 0.669024 0
0.843776 0.580084 0
1.32838 -0.73209 0
1.286207 -0.763112 0
-0.870174 -0.271938 1
1.256886 -0.160956 0
1.780045 2.262807 0
1.883934 2.322651 0
0.664203 1.606712 0
1.542965 2.271162 0
3.625793 0.185455 0
2.11712 0.72457 0
0.41648 0.742111 0
0.245279 0.562298 0
0.685271 0.374657 0
0.449251 0.590881 0
0.88503 -1.513098 0
2.3128 1.892907 0
3.556457 0.028101 0
2.148552 0.952654 0
2.546415 -0.059993 0
0.794822 1.308971 0
0.896428 -1.183566 0
-0.949189 -0.314904 1
0.160193 0.319375 0
2.950183 0.321317 0
2.592999 1.095948 0
2.470746 0.859523 0
1.81652 -0.311478 0
0.597792 -0.655902 0
1.980917 2.336863 0
2.48091 1.057683 0
1.617917 -0.554492 0
3.208632 0.163675 0
-0.319505 -0.481552 1
2.715186 1.224472 0
1.537635 0.386582 0
1.592544 1.664554 0
-0.743553 -0.180108 1
-0.132298 -0.207606 1
1.59398 0.051859 0
0.862437 -0.926662 0
2.206341 1.938759 0
3.296131 0.359798 0
1.068166 1.695517 0
2.172609 2.034378 0
1.301954 -0.161558 0
1.068876 -0.25646 0
2.913983 0.104785 0
1.992849 2.309096 0
-0.511696 0.027423 1
0.673911 1.707712 0
0.874622 1.5438 0
0.817139 0.415339 0
3.11217 -0.228189 0
1.157323 -1.617304 0
1.175799 -1.149973 0
0.957488 1.279628 0
0.773667 1.51829 0
0.587632 1.446683 0
0.690383 1.819432 0
-0.386913 0.051375 1
